3.3236839500770827 inf
3.878358759406701 3.3236839500770827
10.163507022676768 inf
3.9633739835313695 10.163507022676768
5.704986853622013 inf
4.325313090786993 5.704986853622013
8.018533219984812 inf
1.5411035007422424 8.018533219984812
2.55868618630734 inf
6.301454858469857 2.55868618630734
3.879030162295725 inf
7.362630870370548 3.879030162295725
5.319480707738303 inf
4.730221982106126 5.319480707738303
6.445686542176869 inf
1.791182105017058 6.445686542176869
4.929186038282588 inf
1.8819316317727046 4.929186038282588
4.7483549783056445 inf
8.228507357554793 4.7483549783056445
2.072890493972125 inf
7.929375763576855 2.072890493972125
8.677377195904302 inf
2.8357832545289257 8.677377195904302
5.898887606998459 inf
1.6457014715109588 5.898887606998459
7.385585623361224 inf
1.925703334715224 7.385585623361224
10.027306467840702 inf
3.8133537295491813 10.027306467840702
5.319480707738303 inf
3.8351444996679525 5.319480707738303
6.3676428134750145 inf
7.7915552576705345 6.3676428134750145
9.126712168135905 inf
2.423839928708163 9.126712168135905
5.4357037262897245 inf
11.114929899314108 5.4357037262897245
2.2465250944514286 inf
9.011566641452161 2.2465250944514286
[0 1 1 1 0 0 1 1 1 0 0 1 1 1 1 1 0 1 0 0]
